103
10
2009
2048
1996
2204
2104
2331
2002
2449
961
2048
2009
2048
1996
2204
2104
2331
2002
2449
961
2048
2009
2048
1996
2204
2104
2320
2002
2462
960
2048
2009
2048
1996
2204
2104
2320
2002
2462
960
2048
2009
2048
1996
2204
2104
2319
2013
2459
964
2048
2009
2048
1996
2204
2104
2307
2013
2459
963
2048
2009
2048
1996
2204
2104
2308
2025
2462
962
2048
2009
2048
1996
2204
2104
2309
2059
2442
973
2048
2009
2048
1996
2204
2104
2299
2104
2424
984
2048
2009
2048
1996
2204
2104
2286
2150
2349
1030
2048
2009
2048
1996
2204
2104
2263
2150
2269
1086
2048
2009
2048
1996
2204
2104
2252
2150
2185
1154
2048
2009
2048
1996
2204
2104
2241
2150
2073
1237
2048
2009
2048
1996
2204
2104
2240
2150
2012
1293
2048
2009
2048
1996
2204
2104
2240
2150
1945
1344
2048
2009
2048
1996
2204
2104
2240
2139
1888
1391
2048
2009
2048
1996
2204
2104
2252
2116
1850
1426
2048
2009
2048
1996
2204
2104
2263
2070
1830
1449
2048
2009
2048
1996
2204
2104
2286
2036
1827
1451
2048
2009
2048
1996
2204
2104
2308
2002
1830
1448
2048
2009
2048
1996
2204
2104
2319
1968
1835
1436
2048
2009
2048
1996
2204
2104
2343
1945
1898
1393
2048
2009
2048
1996
2204
2104
2355
1934
1958
1336
2048
2009
2048
1996
2204
2104
2366
1900
2032
1255
2048
2009
2048
1996
2204
2104
2378
1877
2141
1152
2048
2009
2048
1996
2204
2104
2378
1877
2238
1063
2048
2009
2048
1996
2204
2104
2389
1877
2324
996
2048
2009
2048
1996
2204
2104
2389
1888
2371
961
2048
2009
2048
1996
2204
2104
2388
1911
2407
939
2048
2009
2048
1996
2204
2104
2388
1945
2461
914
2048
2009
2048
1996
2204
2104
2377
1991
2470
916
2048
2009
2048
1996
2204
2104
2376
2048
2479
917
2048
2009
2048
1996
2204
2104
2364
2104
2472
927
2048
2009
2048
1996
2204
2104
2352
2161
2437
962
2048
2009
2048
1996
2204
2104
2343
2195
2349
1029
2048
2009
2048
1996
2204
2104
2332
2218
2275
1097
2048
2009
2048
1996
2204
2104
2320
2252
2178
1165
2048
2009
2048
1996
2204
2104
2308
2252
2063
1259
2048
2009
2048
1996
2204
2104
2309
2252
1962
1356
2048
2009
2048
1996
2204
2104
2308
2230
1861
1457
2048
2009
2048
1996
2204
2104
2319
2173
1791
1515
2048
2009
2048
1996
2204
2104
2321
2116
1795
1509
2048
2009
2048
1996
2204
2104
2332
2059
1781
1515
2048
2009
2048
1996
2204
2104
2343
2025
1781
1508
2048
2009
2048
1996
2204
2104
2354
1991
1841
1449
2048
2009
2048
1996
2204
2104
2365
1968
1902
1389
2048
2009
2048
1996
2204
2104
2367
1922
1983
1310
2048
2009
2048
1996
2204
2104
2367
1877
2060
1221
2048
2009
2048
1996
2204
2104
2377
1854
2188
1108
2048
2009
2048
1996
2204
2104
2378
1854
2280
1029
2048
2009
2048
1996
2204
2104
2377
1877
2359
962
2048
2009
2048
1996
2204
2104
2377
1900
2425
915
2048
2009
2048
1996
2204
2104
2377
1945
2464
892
2048
2009
2048
1996
2204
2104
2377
2002
2485
880
2048
2009
2048
1996
2204
2104
2366
2059
2486
893
2048
2009
2048
1996
2204
2104
2366
2116
2481
914
2048
2009
2048
1996
2204
2104
2364
2173
2437
962
2048
2009
2048
1996
2204
2104
2354
2230
2361
1029
2048
2009
2048
1996
2204
2104
2353
2252
2226
1143
2048
2009
2048
1996
2204
2104
2342
2252
2094
1266
2048
2009
2048
1996
2204
2104
2344
2252
1985
1355
2048
2009
2048
1996
2204
2104
2331
2252
1884
1431
2048
2009
2048
1996
2204
2104
2331
2207
1791
1515
2048
2009
2048
1996
2204
2104
2343
2139
1753
1552
2048
2009
2048
1996
2204
2104
2343
2070
1772
1537
2048
2009
2048
1996
2204
2104
2343
2002
1795
1509
2048
2009
2048
1996
2204
2104
2355
1945
1872
1434
2048
2009
2048
1996
2204
2104
2365
1888
1999
1324
2048
2009
2048
1996
2204
2104
2366
1831
2124
1209
2048
2009
2048
1996
2204
2104
2367
1820
2254
1110
2048
2009
2048
1996
2204
2104
2365
1831
2350
1028
2048
2009
2048
1996
2204
2104
2367
1865
2400
984
2048
2009
2048
1996
2204
2104
2367
1911
2437
960
2048
2009
2048
1996
2204
2104
2366
1968
2436
963
2048
2009
2048
1996
2204
2104
2365
2013
2437
962
2048
2009
2048
1996
2204
2104
2365
2059
2451
962
2048
2009
2048
1996
2204
2104
2366
2116
2449
963
2048
2009
2048
1996
2204
2104
2354
2161
2425
983
2048
2009
2048
1996
2204
2104
2331
2195
2328
1063
2048
2009
2048
1996
2204
2104
2308
2207
2234
1131
2048
2009
2048
1996
2204
2104
2285
2207
2104
1222
2048
2009
2048
1996
2204
2104
2274
2207
1985
1326
2048
2009
2048
1996
2204
2104
2274
2195
1893
1404
2048
2009
2048
1996
2204
2104
2274
2161
1842
1446
2048
2009
2048
1996
2204
2104
2275
2104
1795
1479
2048
2009
2048
1996
2204
2104
2286
2048
1792
1484
2048
2009
2048
1996
2204
2104
2321
2002
1814
1464
2048
2009
2048
1996
2204
2104
2366
1956
1881
1412
2048
2009
2048
1996
2204
2104
2389
1934
1983
1334
2048
2009
2048
1996
2204
2104
2401
1922
2072
1265
2048
2009
2048
1996
2204
2104
2400
1911
2158
1187
2048
2009
2048
1996
2204
2104
2400
1911
2239
1119
2048
2009
2048
1996
2204
2104
2400
1911
2316
1064
2048
2009
2048
1996
2204
2104
2400
1911
2371
1031
2048
2009
2048
1996
2204
2104
2399
1934
2390
1017
2048
2009
2048
1996
2204
2104
2400
1968
2420
1007
2048
2009
2048
1996
2204
2104
2389
2013
2403
1017
2048
2009
2048
1996
2204
2104
2367
2036
2402
1019
2048
2009
2048
1996
2204
2104
2354
2048
2397
1023
2048
2009
2048
1996
2204
2104
2354
2048
2397
1023
2048
2009
2048
1996
2204
2104
2353
2048
2418
1010
2048
2009
2048
1996
2204
2104
2353
2048
2418
1010
2048
2009
2048
1996
2204
2104
2353
2048
2418
1010
2048
