59
15
2048
2048
1942
2223
2195
2044
2036
2067
1865
2048
1979
2048
1997
2212
2104
2048
2048
1919
2159
2048
1979
2048
1997
2212
2104
2048
2048
1935
2153
2048
1979
2048
1997
2212
2104
2048
2048
1935
2153
2048
1979
2048
1997
2212
2104
2048
2048
1935
2153
2048
1979
2048
1997
2212
2104
2048
2048
1935
2153
2048
1979
2048
1997
2212
2104
2048
2048
1919
2159
2048
1979
2048
1997
2212
2104
1993
2048
1899
2156
2048
1979
2048
1997
2212
2104
1933
2059
1911
2111
2048
1979
2048
1997
2212
2104
1891
2059
1868
2143
2048
1979
2048
1997
2212
2104
1845
2059
1760
2257
2048
1979
2048
1997
2212
2104
1797
2059
1643
2377
2048
1979
2048
1997
2212
2104
1766
2059
1533
2484
2048
1979
2048
1997
2212
2104
1742
2059
1406
2590
2048
1979
2048
1997
2212
2104
1729
2059
1271
2679
2048
1979
2048
1997
2212
2104
1718
2048
1136
2722
2048
1979
2048
1997
2212
2104
1718
2048
1033
2733
2048
1979
2048
1997
2212
2104
1729
2048
964
2734
2048
1979
2048
1997
2212
2104
1740
2048
896
2733
2048
1979
2048
1997
2212
2104
1753
2048
874
2733
2048
1979
2048
1997
2212
2104
1775
2048
860
2713
2048
1979
2048
1997
2212
2104
1809
2048
860
2657
2048
1979
2048
1997
2212
2104
1866
2048
848
2589
2048
1979
2048
1997
2212
2104
1934
2048
852
2560
2048
1979
2048
1997
2212
2104
2014
2048
849
2564
2048
1979
2048
1997
2212
2104
2092
2048
852
2561
2048
1979
2048
1997
2212
2104
2172
2048
848
2577
2048
1979
2048
1997
2212
2104
2229
2048
850
2642
2048
1979
2048
1997
2212
2104
2263
2048
827
2723
2048
1979
2048
1997
2212
2104
2275
2048
770
2848
2048
1979
2048
1997
2212
2104
2286
2048
701
2996
2048
1979
2048
1997
2212
2104
2298
2048
657
3108
2048
1979
2048
1997
2212
2104
2298
2048
655
3179
2048
1979
2048
1997
2212
2104
2309
2048
657
3222
2048
1979
2048
1997
2212
2104
2320
2048
667
3258
2048
1979
2048
1997
2212
2104
2332
2048
690
3270
2048
1979
2048
1997
2212
2104
2341
2048
759
3256
2048
1979
2048
1997
2212
2104
2342
2048
806
3233
2048
1979
2048
1997
2212
2104
2355
2048
827
3212
2036
1979
2048
1997
2212
2104
2354
2048
864
3175
2036
1979
2048
1997
2212
2104
2356
2048
885
3120
2036
1979
2048
1997
2212
2104
2354
2048
909
3108
2036
1979
2048
1997
2212
2104
2355
2048
919
3109
2036
1979
2048
1997
2212
2104
2367
2048
930
3109
2036
1979
2048
1997
2212
2104
2367
2048
930
3109
2036
1979
2048
1997
2212
2104
2367
2048
930
3109
2036
1979
2048
1997
2212
2104
2365
2048
929
3098
2036
1979
2048
1997
2212
2104
2365
2048
929
3098
2036
1979
2048
1997
2212
2104
2365
2048
919
3097
2036
1979
2048
1997
2212
2104
2365
2048
919
3087
2036
1979
2048
1997
2212
2104
2365
2048
932
3085
2036
1979
2048
1997
2212
2104
2365
2048
932
3085
2036
1979
2048
1997
2212
2104
2365
2048
932
3085
2036
1979
2048
1997
2212
2104
2365
2048
932
3085
2036
1979
2048
1997
2212
2104
2365
2048
932
3085
2036
1979
2048
1997
2212
2104
2365
2048
932
3085
2036
1979
2048
1997
2212
2104
2365
2048
932
3085
2036
1979
2048
1997
2212
2104
2365
2048
932
3085
2036
1979
2048
1997
2212
2104
2365
2048
932
3085
2036
