32
10
2009
2048
1996
2204
2104
2353
2048
932
3085
2048
2035
2048
1996
2204
2104
2365
2048
862
3098
2048
2035
2048
1996
2204
2104
2365
2048
862
3098
2048
2035
2048
1996
2204
2104
2366
2048
852
3108
2048
2035
2048
1996
2204
2104
2366
2048
852
3108
2048
2035
2048
1996
2204
2104
2365
2048
850
3121
2048
2035
2048
1996
2204
2104
2366
2048
839
3142
2048
2035
2048
1996
2204
2104
2366
2048
784
3175
2048
2035
2048
1996
2204
2104
2366
2048
715
3199
2048
2035
2048
1996
2204
2104
2365
2048
644
3201
2048
2035
2048
1996
2204
2104
2365
2048
588
3211
2048
2035
2048
1996
2204
2104
2365
2048
588
3211
2048
2035
2048
1996
2204
2104
2366
2048
589
3166
2048
2035
2048
1996
2204
2104
2367
2048
588
3109
2048
2035
2048
1996
2204
2104
2365
2048
590
3005
2048
2035
2048
1996
2204
2104
2365
2048
588
2905
2048
2035
2048
1996
2204
2104
2355
2048
589
2779
2048
2035
2048
1996
2204
2104
2354
2048
633
2643
2048
2035
2048
1996
2204
2104
2343
2048
716
2482
2048
2035
2048
1996
2204
2104
2343
2048
798
2324
2048
2035
2048
1996
2204
2104
2332
2048
879
2190
2048
2035
2048
1996
2204
2104
2320
2048
962
2112
2048
2035
2048
1996
2204
2104
2320
2048
977
2122
2048
2035
2048
1996
2204
2104
2320
2048
977
2122
2048
2035
2048
1996
2204
2104
2320
2048
977
2122
2048
2035
2048
1996
2204
2104
2320
2048
977
2122
2048
2035
2048
1996
2204
2104
2320
2048
977
2122
2048
2035
2048
1996
2204
2104
2320
2048
977
2122
2048
2035
2048
1996
2204
2104
2320
2048
977
2122
2048
2035
2048
1996
2204
2104
2320
2048
977
2122
2048
2035
2048
1996
2204
2104
2320
2048
977
2122
2048
2035
2048
1996
2204
2104
2320
2048
977
2122
2048
