25
10
2048
2048
1996
2204
2104
2388
2082
2053
1028
2059
2048
2048
2027
2111
2025
2388
2082
1973
1062
2048
2048
2048
2027
2111
2025
2388
2082
1973
1062
2048
2048
2048
2027
2111
2025
2388
2082
1973
1062
2048
2048
2048
2027
2111
2025
2388
2082
1963
1061
2048
2048
2048
2027
2111
2025
2388
2082
1949
1064
2048
2048
2048
2027
2111
2025
2389
2082
1894
1061
2048
2048
2048
2027
2111
2025
2377
2082
1813
1064
2048
2048
2048
2027
2111
2025
2377
2082
1733
1075
2048
2048
2048
2027
2111
2025
2377
2082
1656
1118
2048
2048
2048
2027
2111
2025
2378
2082
1552
1211
2048
2048
2048
2027
2111
2025
2377
2082
1441
1333
2048
2048
2048
2027
2111
2025
2377
2082
1323
1486
2048
2048
2048
2027
2111
2025
2366
2082
1249
1625
2048
2048
2048
2027
2111
2025
2354
2082
1174
1733
2048
2048
2048
2027
2111
2025
2343
2070
1105
1767
2048
2048
2048
2027
2111
2025
2331
2070
1055
1785
2048
2048
2048
2027
2111
2025
2321
2070
1050
1763
2048
2048
2048
2027
2111
2025
2320
2070
1060
1765
2048
2048
2048
2027
2111
2025
2320
2070
1060
1765
2048
2048
2048
2027
2111
2025
2309
2070
1054
1775
2048
2048
2048
2027
2111
2025
2309
2070
1054
1775
2048
2048
2048
2027
2111
2025
2309
2070
1054
1775
2048
2048
2048
2027
2111
2025
2297
2070
1056
1771
2048
2048
2048
2027
2111
2025
2297
2070
1056
1771
2048
