13
15
2048
2048
2042
2117
2036
2048
2048
2055
1929
2070
2048
2048
2042
2117
2036
2048
2048
2055
1929
2070
2048
2048
2042
2117
2036
2048
2048
2055
1929
2070
2048
2048
2042
2117
2036
2048
2048
2055
1929
2070
2048
2048
2042
2117
2036
2048
2048
2055
1929
2070
2048
2048
2042
2117
2036
2048
2048
2055
1929
2070
2048
2048
2042
2117
2036
2048
2048
2055
1929
2070
2048
2048
2042
2117
2036
2048
2048
2055
1929
2070
2048
2048
2042
2117
2036
2048
2048
2055
1929
2070
2048
2048
2042
2117
2036
2048
2048
2055
1929
2070
2048
2048
2042
2117
2036
2048
2048
2055
1929
2070
2048
2048
2042
2117
2036
2048
2048
2055
1929
2070
2048
2048
2042
2117
2036
2048
2048
2055
1929
2070
