46
15
2048
2048
2027
2111
2025
2297
2070
1056
1771
2048
2048
2048
2009
2144
2036
2286
2070
1079
1759
2036
2048
2048
2009
2144
2036
2286
2070
1079
1759
2036
2048
2048
2009
2144
2036
2286
2070
1079
1759
2036
2048
2048
2009
2144
2036
2286
2070
1079
1759
2036
2048
2048
2009
2144
2036
2275
2070
1071
1755
2036
2048
2048
2009
2144
2036
2264
2070
1067
1761
2036
2048
2048
2009
2144
2036
2229
2070
1074
1751
2036
2048
2048
2009
2144
2036
2172
2059
1066
1739
2036
2048
2048
2009
2144
2036
2116
2059
1065
1718
2036
2048
2048
2009
2144
2036
2047
2059
1086
1665
2036
2048
2048
2009
2144
2036
1991
2059
1142
1619
2048
2048
2048
2009
2144
2036
1945
2059
1233
1563
2048
2048
2048
2009
2144
2036
1912
2059
1347
1507
2048
2048
2048
2009
2144
2036
1866
2059
1449
1449
2048
2048
2048
2009
2144
2036
1821
2059
1531
1434
2048
2048
2048
2009
2144
2036
1786
2059
1612
1432
2048
2048
2048
2009
2144
2036
1774
2059
1678
1447
2048
2048
2048
2009
2144
2036
1786
2059
1748
1457
2048
2048
2048
2009
2144
2036
1786
2059
1815
1470
2048
2048
2048
2009
2144
2036
1832
2059
1893
1483
2048
2048
2048
2009
2144
2036
1900
2059
1972
1486
2036
2048
2048
2009
2144
2036
1958
2059
2031
1483
2036
2048
2048
2009
2144
2036
2015
2059
2076
1494
2036
2048
2048
2009
2144
2036
2048
2048
2110
1528
2048
2048
2048
2009
2144
2036
2048
2048
2105
1614
2048
2048
2048
2009
2144
2036
2048
2048
2098
1676
2048
2048
2048
2009
2144
2036
2048
2048
2099
1710
2048
2048
2048
2009
2144
2036
2055
2036
2089
1719
2048
2048
2048
2009
2144
2036
2093
2036
2089
1730
2048
2048
2048
2009
2144
2036
2093
2036
2089
1730
2048
2048
2048
2009
2144
2036
2080
2036
2091
1729
2048
2048
2048
2009
2144
2036
2048
2048
2089
1731
2048
2048
2048
2009
2144
2036
2039
2048
2089
1731
2048
2048
2048
2009
2144
2036
2039
2048
2089
1731
2048
2048
2048
2009
2144
2036
2039
2048
2089
1731
2048
2048
2048
2009
2144
2036
2039
2048
2086
1745
2048
2048
2048
2009
2144
2036
2039
2048
2086
1745
2048
2048
2048
2009
2144
2036
2039
2048
2086
1745
2048
2048
2048
2009
2144
2036
2039
2048
2086
1745
2048
2048
2048
2009
2144
2036
2039
2048
2086
1745
2048
2048
2048
2009
2144
2036
2039
2048
2086
1745
2048
2048
2048
2009
2144
2036
2039
2048
2086
1745
2048
2048
2048
2009
2144
2036
2039
2048
2086
1745
2048
2048
2048
2009
2144
2036
2039
2048
2086
1745
2048
2048
2048
2009
2144
2036
2039
2048
2086
1745
2048
