102
15
1718
2048
2673
2459
2093
2044
2036
2067
1865
2048
1718
2048
2673
2459
2093
2044
2036
2067
1865
2048
1718
2048
2673
2459
2093
2044
2036
2067
1865
2048
1718
2048
2673
2459
2093
2044
2036
2067
1865
2048
1718
2048
2673
2459
2093
2044
2036
2067
1865
2048
1717
2048
2648
2483
2093
2044
2036
2067
1865
2048
1717
2048
2590
2578
2093
2044
2036
2067
1865
2048
1718
2048
2478
2744
2093
2044
2036
2067
1865
2048
1719
2048
2331
2915
2093
2044
2036
2067
1865
2048
1684
2048
2217
3029
2093
2044
2036
2067
1865
2048
1637
2048
2193
3041
2082
2044
2036
2067
1865
2048
1603
2048
2204
3030
2070
2044
2036
2067
1865
2048
1570
2048
2240
2960
2059
2044
2036
2067
1865
2048
1547
2048
2295
2860
2059
2044
2036
2067
1865
2048
1536
2048
2343
2778
2048
2044
2036
2067
1865
2048
1512
2048
2375
2733
2013
2044
2036
2067
1865
2048
1513
2048
2373
2725
1956
2044
2036
2067
1865
2048
1501
2048
2377
2720
1934
2044
2036
2067
1865
2048
1501
2048
2377
2720
1934
2044
2036
2067
1865
2048
1501
2048
2377
2720
1934
2044
2036
2067
1865
2048
1502
2048
2363
2701
1934
2044
2036
2067
1865
2048
1502
2048
2363
2701
1934
2044
2036
2067
1865
2048
1513
2048
2365
2709
1900
2044
2036
2067
1865
2048
1514
2048
2351
2701
1854
2044
2036
2067
1865
2048
1514
2048
2351
2701
1854
2044
2036
2067
1865
2048
1502
2048
2350
2703
1854
2044
2036
2067
1865
2048
1502
2048
2363
2701
1854
2044
2036
2067
1865
2048
1502
2048
2363
2701
1854
2044
2036
2067
1865
2048
1501
2048
2374
2678
1854
2044
2036
2067
1865
2048
1490
2048
2406
2624
1831
2044
2036
2067
1865
2048
1490
2048
2433
2607
1797
2044
2036
2067
1865
2048
1490
2048
2433
2607
1774
2044
2036
2067
1865
2048
1490
2048
2433
2607
1729
2044
2036
2067
1865
2048
1490
2048
2433
2607
1695
2044
2036
2067
1865
2048
1490
2048
2431
2599
1649
2044
2036
2067
1865
2048
1490
2048
2431
2599
1592
2044
2036
2067
1865
2048
1490
2048
2429
2590
1536
2044
2036
2067
1865
2048
1490
2048
2429
2590
1490
2044
2036
2067
1865
2048
1490
2048
2429
2590
1467
2044
2036
2067
1865
2048
1490
2048
2429
2590
1456
2044
2036
2067
1865
2048
1490
2048
2429
2590
1433
2044
2036
2067
1865
2048
1478
2048
2420
2587
1376
2044
2036
2067
1865
2048
1478
2048
2420
2587
1331
2044
2036
2067
1865
2048
1478
2048
2420
2587
1262
2044
2036
2067
1865
2048
1478
2048
2420
2587
1194
2044
2036
2067
1865
2048
1478
2048
2420
2587
1126
2044
2036
2067
1865
2048
1467
2048
2421
2586
1069
2044
2036
2067
1865
2048
1466
2048
2430
2589
1012
2044
2036
2067
1865
2048
1456
2048
2419
2589
989
2044
2036
2067
1865
2048
1456
2048
2419
2589
989
2044
2036
2067
1865
2048
1456
2048
2419
2589
989
2044
2036
2067
1865
2048
1456
2048
2428
2591
989
2044
2036
2067
1865
2048
1444
2048
2431
2588
989
2044
2036
2067
1865
2048
1444
2048
2432
2597
989
2044
2036
2067
1865
2048
1444
2048
2432
2597
1012
2044
2036
2067
1865
2048
1444
2048
2432
2609
1058
2044
2036
2067
1865
2048
1455
2048
2429
2634
1160
2044
2036
2067
1865
2048
1455
2048
2429
2634
1240
2044
2036
2067
1865
2048
1444
2048
2432
2631
1183
2044
2036
2067
1865
2048
1445
2048
2431
2621
1035
2044
2036
2067
1865
2048
1432
2048
2431
2621
864
2044
2036
2067
1865
2048
1444
2048
2432
2609
762
2044
2036
2067
1865
2048
1433
2048
2431
2610
716
2044
2036
2067
1865
2048
1433
2048
2431
2610
716
2044
2036
2067
1865
2048
1445
2048
2431
2621
841
2044
2036
2067
1865
2048
1444
2048
2443
2621
1092
2044
2036
2067
1865
2048
1445
2048
2443
2655
1388
2044
2036
2067
1865
2048
1445
2048
2444
2709
1649
2044
2036
2067
1865
2048
1444
2048
2432
2767
1877
2044
2036
2067
1865
2048
1490
2048
2432
2813
1991
2044
2036
2067
1865
2048
1546
2048
2432
2847
2013
2044
2036
2067
1865
2048
1638
2048
2385
2907
2048
2044
2036
2067
1865
2048
1718
2048
2341
2972
2059
2044
2036
2067
1865
2048
1820
2048
2262
3017
2070
2044
2036
2067
1865
2048
1911
2048
2159
3029
2082
2044
2036
2067
1865
2048
1980
2048
2045
3028
2104
2044
2036
2067
1865
2048
1991
2048
1965
3042
2127
2044
2036
2067
1865
2048
1992
2048
1887
3051
2139
2044
2036
2067
1865
2048
1991
2048
1808
3050
2150
2044
2036
2067
1865
2048
1991
2036
1749
3030
2161
2044
2036
2067
1865
2048
2016
2036
1690
3020
2173
2044
2036
2067
1865
2048
2014
2036
1680
2939
2184
2044
2036
2067
1865
2048
2010
2036
1692
2835
2195
2044
2036
2067
1865
2048
2003
2048
1749
2711
2195
2044
2036
2067
1865
2048
2005
2048
1816
2566
2195
2044
2036
2067
1865
2048
2005
2048
1884
2463
2184
2044
2036
2067
1865
2048
2003
2048
1919
2404
2195
2044
2036
2067
1865
2048
2014
2048
1918
2395
2195
2044
2036
2067
1865
2048
2015
2048
1926
2353
2195
2044
2036
2067
1865
2048
2022
2048
1925
2309
2195
2044
2036
2067
1865
2048
2004
2048
1923
2255
2195
2044
2036
2067
1865
2048
2048
2048
1928
2225
2195
2044
2036
2067
1865
2048
2048
2048
1928
2225
2195
2044
2036
2067
1865
2048
2048
2048
1928
2225
2195
2044
2036
2067
1865
2048
2048
2048
1942
2223
2195
2044
2036
2067
1865
2048
2048
2048
1942
2223
2195
2044
2036
2067
1865
2048
2048
2048
1942
2223
2195
2044
2036
2067
1865
2048
2048
2048
1942
2223
2195
2044
2036
2067
1865
2048
2048
2048
1942
2223
2195
2044
2036
2067
1865
2048
2048
2048
1942
2223
2195
2044
2036
2067
1865
2048
2048
2048
1942
2223
2195
2044
2036
2067
1865
2048
2048
2048
1942
2223
2195
2044
2036
2067
1865
2048
