47
10
2048
2048
1996
2204
2104
2321
2048
1105
1943
2048
2048
2048
1996
2204
2104
2321
2048
1105
1943
2048
2048
2048
1996
2204
2104
2321
2048
1105
1943
2048
2048
2048
1996
2204
2104
2321
2048
1105
1943
2048
2048
2048
1996
2204
2104
2320
2048
1057
1978
2048
2048
2048
1996
2204
2104
2321
2048
1023
1987
2048
2048
2048
1996
2204
2104
2320
2048
991
1977
2048
2048
2048
1996
2204
2104
2320
2048
977
1895
2048
2048
2048
1996
2204
2104
2321
2048
974
1798
2048
2048
2048
1996
2204
2104
2308
2048
969
1702
2048
2048
2048
1996
2204
2104
2297
2048
971
1608
2048
2048
2048
1996
2204
2104
2286
2048
992
1521
2048
2048
2048
1996
2204
2104
2286
2048
1051
1427
2048
2048
2048
1996
2204
2104
2297
2048
1130
1337
2048
2048
2048
1996
2204
2104
2297
2048
1220
1247
2070
2048
2048
1996
2204
2104
2308
2048
1311
1157
2070
2048
2048
1996
2204
2104
2320
2048
1402
1078
2070
2048
2048
1996
2204
2104
2321
2048
1494
1066
2070
2048
2048
1996
2204
2104
2331
2048
1595
1054
2070
2048
2048
1996
2204
2104
2366
2048
1733
986
2070
2048
2048
1996
2204
2104
2377
2048
1880
862
2059
2048
2048
1996
2204
2104
2377
2048
2024
784
2070
2048
2048
1996
2204
2104
2388
2059
2141
770
2070
2048
2048
1996
2204
2104
2389
2059
2180
789
2070
2048
2048
1996
2204
2104
2389
2082
2155
846
2070
2048
2048
1996
2204
2104
2388
2082
2096
940
2070
2048
2048
1996
2204
2104
2377
2082
2066
1004
2070
2048
2048
1996
2204
2104
2377
2082
2051
1030
2070
2048
2048
1996
2204
2104
2377
2082
2051
1030
2070
2048
2048
1996
2204
2104
2378
2093
2051
1030
2059
2048
2048
1996
2204
2104
2388
2093
2053
1028
2059
2048
2048
1996
2204
2104
2388
2093
2053
1028
2059
2048
2048
1996
2204
2104
2388
2082
2053
1028
2059
2048
2048
1996
2204
2104
2388
2082
2053
1028
2059
2048
2048
1996
2204
2104
2388
2082
2053
1028
2059
2048
2048
1996
2204
2104
2388
2093
2053
1028
2059
2048
2048
1996
2204
2104
2388
2082
2053
1028
2059
2048
2048
1996
2204
2104
2388
2082
2053
1028
2059
2048
2048
1996
2204
2104
2388
2082
2053
1028
2059
2048
2048
1996
2204
2104
2388
2082
2053
1028
2059
2048
2048
1996
2204
2104
2388
2082
2053
1028
2059
2048
2048
1996
2204
2104
2388
2082
2053
1028
2059
2048
2048
1996
2204
2104
2388
2082
2053
1028
2059
2048
2048
1996
2204
2104
2388
2082
2053
1028
2059
2048
2048
1996
2204
2104
2388
2082
2053
1028
2059
2048
2048
1996
2204
2104
2388
2082
2053
1028
2059
2048
2048
1996
2204
2104
2388
2082
2053
1028
2059
