33
15
2038
2036
1999
2191
2036
2044
2036
2067
1865
2048
2038
2036
1999
2191
2036
2044
2036
2067
1865
2048
2038
2036
1999
2191
2036
2044
2036
2067
1865
2048
2038
2036
1999
2191
2036
2044
2036
2067
1865
2048
2035
2036
1992
2185
2036
2044
2036
2067
1865
2048
2034
2036
1986
2189
2036
2044
2036
2067
1865
2048
2041
2036
1980
2243
2036
2044
2036
2067
1865
2048
2045
2036
1940
2349
2036
2044
2036
2067
1865
2048
2042
2036
1850
2529
2048
2044
2036
2067
1865
2048
2047
2036
1736
2744
2048
2044
2036
2067
1865
2048
2046
2036
1655
2918
2036
2044
2036
2067
1865
2048
2047
2036
1678
3041
2025
2044
2036
2067
1865
2048
2025
2036
1748
3109
2036
2043
2036
2075
1871
2048
1969
2048
1875
3086
2070
2044
2036
2067
1865
2048
1923
2048
2033
2984
2093
2043
2036
2075
1871
2048
1889
2048
2183
2846
2093
2043
2036
2075
1871
2048
1844
2048
2319
2721
2093
2044
2036
2067
1865
2048
1809
2048
2432
2631
2093
2044
2036
2067
1865
2048
1775
2048
2512
2575
2082
2044
2036
2067
1865
2048
1752
2048
2580
2541
2082
2044
2036
2067
1865
2048
1729
2048
2637
2496
2082
2044
2036
2067
1865
2048
1718
2048
2691
2443
2082
2044
2036
2067
1865
2048
1718
2048
2726
2394
2082
2044
2036
2067
1865
2048
1718
2048
2736
2398
2082
2044
2036
2067
1865
2048
1718
2048
2736
2398
2093
2044
2036
2067
1865
2048
1718
2048
2736
2398
2093
2044
2036
2067
1865
2048
1718
2048
2736
2398
2093
2044
2036
2067
1865
2048
1718
2048
2736
2398
2082
2044
2036
2067
1865
2048
1718
2048
2736
2398
2082
2044
2036
2067
1865
2048
1718
2048
2736
2398
2082
2044
2036
2067
1865
2048
1718
2048
2736
2398
2082
2044
2036
2067
1865
2048
1718
2048
2736
2398
2093
2044
2036
2067
1865
2048
1718
2048
2736
2398
2093
2044
2036
2067
1865
2048
