42
15
3072
1024
-2147483648
-2147483648
0
2019
2048
2073
1668
2036
3072
1024
-2147483648
-2147483648
0
2019
2048
2073
1668
2036
3072
1024
-2147483648
-2147483648
0
2019
2048
2073
1668
2036
3072
1024
-2147483648
-2147483648
0
2019
2048
2073
1668
2036
3072
1024
-2147483648
-2147483648
0
2019
2048
2073
1668
2036
3072
1024
-2147483648
-2147483648
0
2019
2048
2073
1668
2036
3072
1024
-2147483648
-2147483648
0
2019
2048
2073
1668
2036
3072
1024
-2147483648
-2147483648
0
2019
2048
2073
1668
2036
3072
1024
-2147483648
-2147483648
0
2019
2048
2073
1668
2036
3072
1024
-2147483648
-2147483648
0
2019
2048
2073
1668
2036
3072
1024
-2147483648
-2147483648
0
2038
2048
1872
1878
2036
3072
1024
-2147483648
-2147483648
0
2069
2048
1768
1893
2036
3072
1024
-2147483648
-2147483648
0
2126
2070
1693
1885
2036
3072
1024
-2147483648
-2147483648
0
2195
2104
1603
1866
2036
3072
1024
-2147483648
-2147483648
0
2230
2139
1475
1853
2036
3072
1024
-2147483648
-2147483648
0
2195
2184
1313
1875
2036
3072
1024
-2147483648
-2147483648
0
2081
2184
1199
1863
2036
3072
1024
-2147483648
-2147483648
0
1900
2184
1109
1875
2036
3072
1024
-2147483648
-2147483648
0
1673
2173
988
1885
2036
3072
1024
-2147483648
-2147483648
0
1490
2161
879
1879
2036
3072
1024
-2147483648
-2147483648
0
1388
2139
761
1856
2036
3072
1024
-2147483648
-2147483648
0
1354
2059
610
1808
2036
3072
1024
-2147483648
-2147483648
0
1342
2048
638
1533
2036
3072
1024
-2147483648
-2147483648
0
1342
2048
728
1203
2036
3072
1024
-2147483648
-2147483648
0
1341
2048
980
872
2048
3072
1024
-2147483648
-2147483648
0
1353
2070
1358
779
2048
3072
1024
-2147483648
-2147483648
0
1365
2116
1609
918
2048
3072
1024
-2147483648
-2147483648
0
1455
2127
1712
1231
2036
3072
1024
-2147483648
-2147483648
0
1558
2127
1729
1655
2036
3072
1024
-2147483648
-2147483648
0
1649
2127
1798
1747
2036
3072
1024
-2147483648
-2147483648
0
1866
2082
1945
1724
2036
3072
1024
-2147483648
-2147483648
0
1958
2025
2078
1664
2036
3072
1024
-2147483648
-2147483648
0
1927
2013
2080
1661
2036
3072
1024
-2147483648
-2147483648
0
2019
2048
2073
1668
2036
3072
1024
-2147483648
-2147483648
0
2019
2048
2073
1668
2036
3072
1024
-2147483648
-2147483648
0
2019
2048
2073
1668
2036
3072
1024
-2147483648
-2147483648
0
2019
2048
2073
1668
2036
3072
1024
-2147483648
-2147483648
0
2019
2048
2073
1668
2036
3072
1024
-2147483648
-2147483648
0
2019
2048
2073
1668
2036
3072
1024
-2147483648
-2147483648
0
2019
2048
2073
1668
2036
3072
1024
-2147483648
-2147483648
0
2019
2048
2073
1668
2036
3072
1024
-2147483648
-2147483648
0
2019
2048
2073
1668
2036
