58
15
57
6
-609
0
5
57
6
-609
0
5
57
6
-609
0
5
57
6
-609
0
5
57
6
-609
0
5
57
6
-609
0
5
57
6
-609
0
5
57
6
-609
0
5
57
6
-609
0
5
57
6
-609
0
5
57
6
-609
0
5
57
6
-609
0
5
57
6
-609
0
5
57
6
-609
0
5
57
6
-609
0
5
57
6
-609
0
5
57
6
-609
0
5
57
6
-609
0
5
57
6
-609
0
5
57
6
-609
0
5
57
6
-609
0
5
57
6
-609
0
5
57
6
-609
0
5
57
6
-609
0
5
57
6
-609
0
5
57
6
-609
0
5
57
6
-609
0
5
57
6
-609
0
5
57
6
-609
0
5
57
6
-609
0
5
57
6
-609
0
5
57
6
-609
0
5
57
6
-609
0
5
57
6
-609
0
5
57
6
-609
0
5
57
6
-609
0
5
57
6
-609
0
5
57
6
-609
0
5
57
6
-609
0
5
57
6
-609
0
5
57
6
-609
0
5
57
6
-609
0
5
57
6
-609
0
5
57
6
-609
0
5
57
6
-609
0
5
57
6
-609
0
5
57
6
-609
0
5
57
6
-609
0
5
57
6
-609
0
5
57
6
-609
0
5
57
6
-609
0
5
57
6
-609
0
5
57
6
-609
0
5
57
6
-609
0
5
57
6
-609
0
5
57
6
-609
0
5
57
6
-609
0
5
57
6
-609
0
5
50
0
-612
0
0
39
0
-613
0
0
39
0
-613
0
0
39
0
-613
0
0
39
0
-613
0
0
50
0
-612
0
0
71
6
-610
0
0
86
26
-609
1
0
103
36
-605
1
0
125
51
-594
1
0
149
71
-576
1
0
170
89
-554
1
0
201
112
-522
1
0
242
138
-480
1
0
302
167
-423
0
0
351
194
-367
0
0
386
205
-323
0
0
418
213
-275
0
0
430
209
-259
0
0
450
200
-240
0
0
482
185
-213
0
0
524
150
-168
0
0
545
96
-156
0
0
552
28
-156
0
0
552
-38
-156
0
0
539
-104
-162
0
0
505
-144
-198
0
0
473
-162
-219
0
0
435
-158
-234
0
0
387
-148
-246
0
0
344
-139
-257
0
0
307
-124
-276
0
0
280
-119
-287
0
0
254
-113
-298
0
0
236
-110
-309
0
0
211
-102
-334
0
0
202
-98
-349
0
0
202
-103
-355
0
-1
205
-104
-366
0
-1
225
-115
-370
0
-1
220
-112
-378
0
-1
214
-109
-382
0
-1
206
-110
-386
0
-1
206
-110
-386
0
-1
206
-110
-386
0
-1
213
-113
-385
0
-1
213
-113
-385
0
-1
219
-116
-381
0
-1
225
-119
-380
0
-1
219
-116
-385
0
-1
219
-116
-385
0
-1
219
-116
-385
0
-1
219
-116
-385
0
-1
219
-116
-385
0
-1
219
-116
-385
0
-1
219
-116
-385
0
-1
219
-116
-385
0
-1
219
-116
-385
0
-1
