103
10
51
3
-610
0
5
51
3
-610
0
5
51
3
-610
0
5
51
3
-610
0
5
51
3
-610
0
5
51
3
-610
0
5
51
3
-610
0
5
51
3
-610
0
5
51
3
-610
0
5
51
3
-610
0
5
51
3
-610
0
5
51
3
-610
0
5
51
3
-610
0
5
51
3
-610
0
5
51
3
-610
0
5
51
3
-610
0
5
51
3
-610
0
5
51
3
-610
0
5
51
3
-610
0
5
51
3
-610
0
5
51
3
-610
0
5
51
3
-610
0
5
51
3
-610
0
5
51
3
-610
0
5
51
3
-610
0
5
51
3
-610
0
5
51
3
-610
0
5
51
3
-610
0
5
51
3
-610
0
5
51
3
-610
0
5
51
3
-610
0
5
51
3
-610
0
5
51
3
-610
0
5
51
3
-610
0
5
51
3
-610
0
5
51
3
-610
0
5
51
3
-610
0
5
51
3
-610
0
5
51
3
-610
0
5
51
3
-610
0
5
51
3
-610
0
5
51
3
-610
0
5
51
3
-610
0
5
51
3
-610
0
5
51
3
-610
0
5
51
3
-610
0
5
51
3
-610
0
5
51
3
-610
0
5
51
3
-610
0
5
51
3
-610
0
5
51
3
-610
0
5
51
3
-610
0
5
51
3
-610
0
5
51
3
-610
0
5
51
3
-610
0
5
51
3
-610
0
5
51
3
-610
0
5
51
3
-610
0
5
51
3
-610
0
5
51
3
-610
0
5
51
3
-610
0
5
51
3
-610
0
5
51
3
-610
0
5
51
3
-610
0
5
51
3
-610
0
5
51
3
-610
0
5
51
3
-610
0
5
51
3
-610
0
5
51
3
-610
0
5
51
3
-610
0
5
51
3
-610
0
5
51
3
-610
0
5
51
3
-610
0
5
51
3
-610
0
5
51
3
-610
0
5
51
3
-610
0
5
51
3
-610
0
5
51
3
-610
0
5
51
3
-610
0
5
51
3
-610
0
5
51
3
-610
0
5
51
3
-610
0
5
51
3
-610
0
5
51
3
-610
0
5
51
3
-610
0
5
51
3
-610
0
5
51
3
-610
0
5
51
3
-610
0
5
51
3
-610
0
5
51
3
-610
0
5
51
3
-610
0
5
51
3
-610
0
5
51
3
-610
0
5
51
3
-610
0
5
51
3
-610
0
5
51
3
-610
0
5
51
3
-610
0
5
51
3
-610
0
5
51
3
-610
0
5
51
3
-610
0
5
51
3
-610
0
5
51
3
-610
0
5
51
3
-610
0
5
212
-127
-370
-4
0
212
-127
-370
-4
0
208
-121
-374
-4
0
208
-121
-374
-4
0
211
-115
-375
-3
0
213
-111
-375
-3
0
215
-105
-375
-2
0
229
-90
-374
1
0
247
-65
-372
5
0
284
-47
-364
9
0
313
-47
-360
9
0
341
-51
-358
9
0
380
-59
-345
9
0
399
-65
-342
9
0
422
-74
-330
9
0
438
-86
-322
8
0
444
-109
-319
6
0
440
-139
-319
2
0
429
-170
-319
-1
0
416
-200
-319
-4
0
406
-222
-313
-7
0
371
-239
-329
-9
0
347
-243
-333
-10
0
317
-254
-327
-13
0
276
-253
-326
-15
0
250
-238
-324
-15
0
220
-228
-326
-15
0
209
-215
-328
-14
0
203
-199
-334
-12
0
193
-174
-344
-9
0
202
-147
-352
-5
0
212
-117
-357
0
0
230
-86
-359
5
0
254
-57
-361
10
0
290
-49
-359
13
0
317
-41
-361
15
0
357
-35
-348
18
0
394
-47
-339
18
0
423
-61
-335
18
0
446
-85
-333
16
0
452
-131
-326
11
0
440
-158
-330
6
0
430
-194
-324
1
0
420
-217
-320
-2
0
393
-232
-326
-5
0
368
-241
-331
-7
0
334
-251
-332
-11
0
305
-260
-321
-15
0
258
-255
-322
-17
0
231
-241
-322
-17
0
216
-218
-322
-15
0
202
-198
-326
-13
0
200
-171
-333
-9
0
208
-142
-338
-4
0
220
-110
-346
1
0
232
-81
-355
6
0
256
-56
-360
11
0
292
-33
-359
16
0
338
-41
-358
18
0
377
-53
-360
18
0
410
-74
-349
18
0
442
-87
-330
18
0
457
-124
-322
14
0
449
-168
-323
8
0
429
-196
-331
2
0
409
-225
-331
-4
0
371
-249
-335
-9
0
314
-264
-346
-14
0
263
-273
-342
-19
0
216
-259
-349
-20
0
193
-238
-348
-19
0
188
-214
-350
-16
0
187
-186
-358
-12
0
202
-158
-364
-7
0
214
-135
-366
-3
0
220
-109
-371
1
0
235
-81
-369
6
0
255
-57
-368
10
0
293
-42
-369
13
0
329
-41
-362
14
0
374
-50
-348
14
0
412
-59
-339
14
0
438
-78
-328
13
0
448
-102
-322
10
0
453
-136
-312
5
0
441
-169
-313
0
0
417
-210
-317
-4
0
370
-249
-329
-8
0
322
-257
-347
-10
0
285
-253
-359
-11
0
258
-244
-359
-12
0
234
-230
-361
-12
0
209
-216
-365
-12
0
190
-206
-370
-12
0
191
-191
-373
-10
0
189
-168
-382
-7
0
211
-145
-383
-3
0
222
-126
-384
-1
0
228
-116
-384
0
0
228
-116
-384
0
0
221
-112
-385
0
0
221
-112
-385
0
0
221
-112
-385
0
0
