31
10
51
1
-610
0
5
51
1
-610
0
5
51
1
-610
0
5
51
1
-610
0
5
51
1
-610
0
5
51
1
-610
0
5
51
1
-610
0
5
51
1
-610
0
5
51
1
-610
0
5
51
1
-610
0
5
51
1
-610
0
5
51
1
-610
0
5
51
1
-610
0
5
51
1
-610
0
5
51
1
-610
0
5
51
1
-610
0
5
51
1
-610
0
5
51
1
-610
0
5
51
1
-610
0
5
51
1
-610
0
5
51
1
-610
0
5
51
1
-610
0
5
51
1
-610
0
5
51
1
-610
0
5
51
1
-610
0
5
51
1
-610
0
5
51
1
-610
0
5
51
1
-610
0
5
51
1
-610
0
5
51
1
-610
0
5
51
1
-610
0
5
247
-131
-358
0
0
247
-131
-358
0
0
246
-131
-355
0
0
246
-131
-355
0
0
240
-127
-356
0
0
233
-124
-354
0
0
241
-128
-335
0
0
258
-137
-309
0
0
285
-151
-276
0
0
300
-159
-250
0
0
300
-159
-250
0
0
322
-171
-237
0
0
349
-186
-217
0
0
394
-209
-176
0
0
432
-229
-127
0
0
473
-241
-59
0
0
500
-254
-16
0
0
527
-257
11
0
0
542
-264
36
0
0
554
-258
45
0
0
562
-250
17
0
0
562
-250
-4
0
0
562
-250
-4
0
0
562
-250
-4
0
0
562
-250
-4
0
0
562
-250
-4
0
0
562
-250
-4
0
0
562
-250
-4
0
0
562
-250
-4
0
0
562
-250
-4
0
0
562
-250
-4
0
0
