24
10
21
0
-615
0
-2
21
0
-615
0
-2
21
0
-615
0
-2
21
0
-615
0
-2
21
0
-615
0
-2
21
0
-615
0
-2
21
0
-615
0
-2
21
0
-615
0
-2
21
0
-615
0
-2
21
0
-615
0
-2
21
0
-615
0
-2
21
0
-615
0
-2
21
0
-615
0
-2
21
0
-615
0
-2
21
0
-615
0
-2
21
0
-615
0
-2
21
0
-615
0
-2
21
0
-615
0
-2
21
0
-615
0
-2
21
0
-615
0
-2
21
0
-615
0
-2
21
0
-615
0
-2
21
0
-615
0
-2
21
0
-615
0
-2
385
-211
-176
3
0
385
-211
-176
3
0
385
-211
-176
3
0
387
-213
-168
3
0
390
-215
-161
3
0
399
-223
-121
3
0
412
-224
-65
3
0
417
-230
-14
3
0
426
-237
18
3
0
444
-249
44
3
0
466
-262
64
3
0
490
-276
74
3
0
516
-278
56
3
0
532
-274
58
3
0
534
-264
100
2
0
533
-253
135
2
0
532
-243
152
2
0
535
-243
142
2
0
535
-243
142
2
0
539
-234
142
2
0
539
-234
142
2
0
539
-234
142
2
0
543
-224
142
2
0
543
-224
142
2
0
