45
15
25
0
-614
0
-1
25
0
-614
0
-1
25
0
-614
0
-1
25
0
-614
0
-1
25
0
-614
0
-1
25
0
-614
0
-1
25
0
-614
0
-1
25
0
-614
0
-1
25
0
-614
0
-1
25
0
-614
0
-1
25
0
-614
0
-1
25
0
-614
0
-1
25
0
-614
0
-1
25
0
-614
0
-1
25
0
-614
0
-1
25
0
-614
0
-1
25
0
-614
0
-1
25
0
-614
0
-1
25
0
-614
0
-1
25
0
-614
0
-1
25
0
-614
0
-1
25
0
-614
0
-1
25
0
-614
0
-1
25
0
-614
0
-1
25
0
-614
0
-1
25
0
-614
0
-1
25
0
-614
0
-1
25
0
-614
0
-1
25
0
-614
0
-1
25
0
-614
0
-1
25
0
-614
0
-1
25
0
-614
0
-1
25
0
-614
0
-1
25
0
-614
0
-1
25
0
-614
0
-1
25
0
-614
0
-1
25
0
-614
0
-1
25
0
-614
0
-1
25
0
-614
0
-1
25
0
-614
0
-1
25
0
-614
0
-1
25
0
-614
0
-1
25
0
-614
0
-1
25
0
-614
0
-1
25
0
-614
0
-1
549
-215
128
2
-1
549
-215
128
2
-1
549
-215
128
2
-1
549
-215
128
2
-1
550
-205
138
2
-1
554
-196
138
2
-1
563
-166
138
2
-1
571
-113
152
1
-1
573
-63
165
1
-1
566
-3
177
1
-1
565
46
154
1
0
563
87
107
1
0
557
117
41
1
0
539
154
-12
1
0
520
190
-73
1
0
497
213
-140
1
0
476
216
-203
1
0
456
198
-264
1
0
425
186
-322
1
0
394
142
-382
1
0
358
90
-431
1
-1
325
53
-461
1
-1
291
23
-488
1
-1
249
0
-517
0
0
209
0
-548
0
0
181
0
-566
0
0
161
0
-576
0
0
165
-12
-576
-1
0
157
-21
-579
-1
0
157
-21
-579
-1
0
157
-18
-579
-1
0
158
0
-579
0
0
158
2
-579
0
0
158
2
-579
0
0
158
2
-579
0
0
152
2
-582
0
0
152
2
-582
0
0
152
2
-582
0
0
152
2
-582
0
0
152
2
-582
0
0
152
2
-582
0
0
152
2
-582
0
0
152
2
-582
0
0
152
2
-582
0
0
152
2
-582
0
0
