102
15
507
281
-107
0
4
507
281
-107
0
4
507
281
-107
0
4
507
281
-107
0
4
507
281
-107
0
4
503
279
-113
0
4
492
273
-104
0
4
467
258
-92
0
4
431
238
-101
0
4
390
243
-113
0
4
367
267
-122
0
3
355
288
-121
0
2
350
315
-140
0
1
352
340
-163
0
1
356
356
-179
0
0
349
375
-182
0
-3
349
374
-189
0
-8
343
381
-189
0
-10
343
381
-189
0
-10
343
381
-189
0
-10
340
377
-212
0
-10
340
377
-212
0
-10
347
372
-205
0
-13
344
368
-221
0
-17
344
368
-221
0
-17
337
374
-221
0
-17
340
377
-212
0
-17
340
377
-212
0
-17
341
379
-218
0
-17
339
390
-227
0
-19
344
396
-216
0
-22
344
396
-216
0
-24
344
396
-216
0
-28
344
396
-216
0
-31
343
395
-223
0
-35
343
395
-223
0
-40
342
394
-230
0
-45
342
394
-230
0
-49
342
394
-230
0
-51
342
394
-230
0
-52
342
394
-230
0
-54
333
397
-239
0
-59
333
397
-239
0
-63
333
397
-239
0
-69
333
397
-239
0
-75
333
397
-239
0
-81
326
403
-239
0
-86
328
406
-230
0
-91
319
408
-239
0
-93
319
408
-239
0
-93
319
408
-239
0
-93
321
411
-230
0
-93
314
417
-230
0
-93
315
418
-223
0
-93
315
418
-223
0
-91
315
419
-216
0
-87
323
414
-202
0
-78
323
414
-202
0
-71
316
420
-202
0
-76
316
419
-209
0
-89
308
425
-209
0
-104
315
419
-216
0
-113
308
424
-216
0
-117
308
424
-216
0
-117
316
419
-209
0
-106
318
422
-200
0
-84
319
423
-178
0
-58
319
423
-142
0
-35
315
419
-115
0
-15
341
392
-86
0
-5
370
358
-65
0
-3
405
294
-65
0
0
424
235
-58
0
1
440
160
-88
0
2
438
93
-153
0
3
412
43
-229
0
5
383
33
-270
0
7
350
30
-308
0
8
310
27
-349
0
9
272
17
-387
-1
10
233
4
-415
-1
11
193
2
-458
-1
12
153
0
-499
-1
13
132
9
-532
0
13
107
7
-564
0
13
107
7
-579
0
12
103
7
-587
0
13
97
5
-589
0
13
79
4
-596
0
13
51
2
-603
0
13
15
1
-609
0
13
1
0
-611
0
13
1
0
-611
0
13
1
0
-611
0
13
12
0
-611
0
13
12
0
-611
0
13
12
0
-611
0
13
12
0
-611
0
13
12
0
-611
0
13
12
0
-611
0
13
12
0
-611
0
13
12
0
-611
0
13
97
-10
-603
-1
0
97
-10
-603
-1
0
97
-10
-603
-1
0
97
-10
-603
-1
0
97
-10
-603
-1
0
97
-10
-603
-1
0
97
-10
-603
-1
0
97
-10
-603
-1
0
97
-10
-603
-1
0
97
-10
-603
-1
0
97
-10
-603
-1
0
97
-10
-603
-1
0
97
-10
-603
-1
0
97
-10
-603
-1
0
97
-10
-603
-1
0
97
-10
-603
-1
0
97
-10
-603
-1
0
97
-10
-603
-1
0
97
-10
-603
-1
0
97
-10
-603
-1
0
97
-10
-603
-1
0
97
-10
-603
-1
0
97
-10
-603
-1
0
97
-10
-603
-1
0
97
-10
-603
-1
0
97
-10
-603
-1
0
97
-10
-603
-1
0
97
-10
-603
-1
0
97
-10
-603
-1
0
97
-10
-603
-1
0
97
-10
-603
-1
0
97
-10
-603
-1
0
97
-10
-603
-1
0
97
-10
-603
-1
0
97
-10
-603
-1
0
97
-10
-603
-1
0
97
-10
-603
-1
0
97
-10
-603
-1
0
97
-10
-603
-1
0
97
-10
-603
-1
0
97
-10
-603
-1
0
97
-10
-603
-1
0
97
-10
-603
-1
0
97
-10
-603
-1
0
97
-10
-603
-1
0
97
-10
-603
-1
0
97
-10
-603
-1
0
97
-10
-603
-1
0
97
-10
-603
-1
0
97
-10
-603
-1
0
97
-10
-603
-1
0
97
-10
-603
-1
0
97
-10
-603
-1
0
97
-10
-603
-1
0
97
-10
-603
-1
0
97
-10
-603
-1
0
97
-10
-603
-1
0
97
-10
-603
-1
0
97
-10
-603
-1
0
97
-10
-603
-1
0
97
-10
-603
-1
0
97
-10
-603
-1
0
97
-10
-603
-1
0
97
-10
-603
-1
0
97
-10
-603
-1
0
97
-10
-603
-1
0
97
-10
-603
-1
0
97
-10
-603
-1
0
97
-10
-603
-1
0
97
-10
-603
-1
0
97
-10
-603
-1
0
97
-10
-603
-1
0
97
-10
-603
-1
0
97
-10
-603
-1
0
97
-10
-603
-1
0
97
-10
-603
-1
0
97
-10
-603
-1
0
97
-10
-603
-1
0
97
-10
-603
-1
0
97
-10
-603
-1
0
97
-10
-603
-1
0
97
-10
-603
-1
0
97
-10
-603
-1
0
97
-10
-603
-1
0
97
-10
-603
-1
0
97
-10
-603
-1
0
97
-10
-603
-1
0
97
-10
-603
-1
0
97
-10
-603
-1
0
97
-10
-603
-1
0
97
-10
-603
-1
0
97
-10
-603
-1
0
97
-10
-603
-1
0
97
-10
-603
-1
0
97
-10
-603
-1
0
97
-10
-603
-1
0
97
-10
-603
-1
0
97
-10
-603
-1
0
97
-10
-603
-1
0
97
-10
-603
-1
0
97
-10
-603
-1
0
97
-10
-603
-1
0
