47
10
51
0
-610
0
5
51
0
-610
0
5
51
0
-610
0
5
51
0
-610
0
5
51
0
-610
0
5
51
0
-610
0
5
51
0
-610
0
5
51
0
-610
0
5
51
0
-610
0
5
51
0
-610
0
5
51
0
-610
0
5
51
0
-610
0
5
51
0
-610
0
5
51
0
-610
0
5
51
0
-610
0
5
51
0
-610
0
5
51
0
-610
0
5
51
0
-610
0
5
51
0
-610
0
5
51
0
-610
0
5
51
0
-610
0
5
51
0
-610
0
5
51
0
-610
0
5
51
0
-610
0
5
51
0
-610
0
5
51
0
-610
0
5
51
0
-610
0
5
51
0
-610
0
5
51
0
-610
0
5
51
0
-610
0
5
51
0
-610
0
5
51
0
-610
0
5
51
0
-610
0
5
51
0
-610
0
5
51
0
-610
0
5
51
0
-610
0
5
51
0
-610
0
5
51
0
-610
0
5
51
0
-610
0
5
51
0
-610
0
5
51
0
-610
0
5
51
0
-610
0
5
51
0
-610
0
5
51
0
-610
0
5
51
0
-610
0
5
51
0
-610
0
5
51
0
-610
0
5
561
-250
-11
0
0
561
-250
-11
0
0
561
-250
-11
0
0
561
-250
-11
0
0
562
-250
13
0
0
561
-250
39
0
0
558
-248
75
0
0
545
-242
139
0
0
523
-233
199
0
0
497
-210
256
0
0
466
-188
301
0
0
441
-169
324
0
0
425
-163
320
0
0
415
-167
300
0
0
409
-165
273
0
2
397
-168
247
0
2
387
-172
218
0
2
406
-181
162
0
2
417
-194
97
0
2
397
-211
37
0
2
363
-201
8
0
1
341
-189
-37
0
2
326
-186
-97
1
2
323
-184
-131
1
2
335
-184
-153
3
2
352
-192
-177
3
2
365
-190
-199
3
2
369
-192
-206
3
2
369
-192
-206
3
2
370
-189
-206
4
1
367
-195
-206
4
1
367
-195
-206
4
1
365
-198
-206
3
1
365
-198
-206
3
1
365
-198
-206
3
1
367
-195
-206
4
1
365
-198
-206
3
1
365
-198
-206
3
1
365
-198
-206
3
1
365
-198
-206
3
1
365
-198
-206
3
1
365
-198
-206
3
1
365
-198
-206
3
1
365
-198
-206
3
1
365
-198
-206
3
1
365
-198
-206
3
1
365
-198
-206
3
1
