33
15
47
-10
-611
-1
-1
47
-10
-611
-1
-1
47
-10
-611
-1
-1
47
-10
-611
-1
-1
36
-10
-612
-1
-1
33
-10
-612
-1
-1
61
-10
-607
-1
-1
90
-10
-595
-1
-1
117
-9
-568
-1
0
141
-9
-523
-1
0
166
-8
-474
-1
-1
234
-7
-408
-1
-2
295
4
-342
-1
-1
349
42
-293
0
2
399
77
-265
0
4
440
109
-253
0
4
470
152
-233
0
4
491
188
-202
0
4
499
222
-172
0
3
505
246
-136
0
3
506
269
-115
0
3
510
282
-101
0
3
515
285
-100
0
3
516
286
-89
0
3
516
286
-89
0
4
516
286
-89
0
4
516
286
-89
0
4
516
286
-89
0
3
516
286
-89
0
3
516
286
-89
0
3
516
286
-89
0
3
516
286
-89
0
4
516
286
-89
0
4
97
-10
-603
-1
0
97
-10
-603
-1
0
97
-10
-603
-1
0
97
-10
-603
-1
0
97
-10
-603
-1
0
97
-10
-603
-1
0
97
-10
-603
-1
0
97
-10
-603
-1
0
97
-10
-603
-1
0
97
-10
-603
-1
0
97
-10
-603
-1
0
97
-10
-603
-1
0
86
-10
-605
-1
0
97
-10
-603
-1
0
86
-10
-605
-1
0
86
-10
-605
-1
0
97
-10
-603
-1
0
97
-10
-603
-1
0
97
-10
-603
-1
0
97
-10
-603
-1
0
97
-10
-603
-1
0
97
-10
-603
-1
0
97
-10
-603
-1
0
97
-10
-603
-1
0
97
-10
-603
-1
0
97
-10
-603
-1
0
97
-10
-603
-1
0
97
-10
-603
-1
0
97
-10
-603
-1
0
97
-10
-603
-1
0
97
-10
-603
-1
0
97
-10
-603
-1
0
97
-10
-603
-1
0
