42
15
0
0
216
-180
-180
0
0
216
-180
-180
0
0
216
-180
-180
0
0
216
-180
-180
0
0
216
-180
-180
0
0
216
-180
-180
0
0
216
-180
-180
0
0
216
-180
-180
0
0
216
-180
-180
0
0
216
-180
-180
0
0
216
-180
-180
0
0
216
-180
-180
0
0
216
-180
-180
0
0
216
-180
-180
0
0
216
-180
-180
0
0
216
-180
-180
0
0
216
-180
-180
0
0
216
-180
-180
0
0
216
-180
-180
0
0
216
-180
-180
0
0
216
-180
-180
0
0
216
-180
-180
0
0
216
-180
-180
0
0
216
-180
-180
0
0
216
-180
-180
0
0
216
-180
-180
0
0
216
-180
-180
0
0
216
-180
-180
0
0
216
-180
-180
0
0
216
-180
-180
0
0
216
-180
-180
0
0
216
-180
-180
0
0
216
-180
-180
0
0
216
-180
-180
0
0
216
-180
-180
0
0
216
-180
-180
0
0
216
-180
-180
0
0
216
-180
-180
0
0
216
-180
-180
0
0
216
-180
-180
0
0
216
-180
-180
0
0
216
-180
-180
207
9
-556
0
-1
207
9
-556
0
-1
207
9
-556
0
-1
207
9
-556
0
-1
207
9
-556
0
-1
207
9
-556
0
-1
207
9
-556
0
-1
207
9
-556
0
-1
207
9
-556
0
-1
207
9
-556
0
-1
263
4
-552
0
-1
340
-11
-509
0
-1
399
-32
-463
2
-1
463
-71
-393
5
-1
529
-110
-286
8
-1
583
-100
-157
12
-1
609
-21
-47
12
-1
597
131
29
12
-1
515
303
133
11
-1
401
399
233
10
-1
308
402
342
8
-1
194
333
469
1
-1
115
216
520
0
-1
50
94
497
0
-1
36
68
411
0
0
122
198
314
2
0
216
342
152
6
0
303
407
-93
7
-1
308
349
-367
7
-1
284
268
-459
7
-1
266
105
-528
3
-1
207
9
-556
-2
-1
207
9
-556
-3
-1
207
9
-556
0
-1
207
9
-556
0
-1
207
9
-556
0
-1
207
9
-556
0
-1
207
9
-556
0
-1
207
9
-556
0
-1
207
9
-556
0
-1
207
9
-556
0
-1
207
9
-556
0
-1
