26
62
-513
7
26
62
-513
7
26
62
-513
7
26
62
-513
7
26
62
-513
7
26
62
-513
7
26
62
-513
7
26
62
-513
7
26
62
-513
7
46
61
-512
7
93
58
-502
7
210
48
-453
7
317
34
-368
7
378
23
-299
7
420
14
-237
7
449
-4
-177
6
467
-12
-116
6
461
-24
-72
6
443
-29
-14
7
416
-35
49
7
368
-44
113
6
287
-80
181
6
228
-141
217
7
189
-201
232
8
187
-271
219
8
208
-351
169
8
249
-396
103
8
245
-395
122
8
188
-347
221
8
130
-263
278
7
87
-186
285
7
117
-219
274
7
177
-305
245
7
245
-373
171
7
256
-385
152
7
206
-334
242
7
134
-232
302
7
125
-202
279
7
179
-239
218
7
256
-265
119
6
332
-246
37
6
389
-204
-19
6
419
-148
-34
6
435
-80
-37
6
443
-1
-58
6
421
76
-161
6
368
92
-258
6
308
71
-332
2
286
63
-353
-2
313
64
-335
-6
362
84
-315
-7
384
143
-307
-2
355
225
-302
2
297
296
-302
4
255
307
-323
4
229
299
-331
4
204
270
-332
4
174
218
-339
2
171
145
-378
-4
222
57
-404
-17
288
30
-395
-27
356
91
-345
-33
377
186
-281
-32
337
266
-267
-26
266
314
-294
-19
197
306
-348
-11
161
245
-408
-8
135
166
-452
-8
149
97
-468
-12
202
40
-456
-20
278
37
-414
-30
342
89
-354
-38
352
189
-302
-39
323
261
-279
-35
262
303
-293
-26
202
305
-320
-15
168
286
-311
-11
152
228
-337
-11
165
133
-387
-15
204
52
-408
-22
272
33
-391
-31
335
54
-363
-38
361
128
-331
-40
334
229
-300
-36
306
289
-259
-33
290
324
-158
-35
288
298
-50
-36
303
216
14
-34
297
147
53
-30
293
76
79
-24
282
29
95
-17
276
10
105
-11
271
3
109
-9
267
3
111
-9
264
8
109
-9
256
11
117
-8
245
10
132
-8
230
10
157
-8
220
6
181
-8
224
1
203
-8
222
-14
229
-8
211
-31
250
-8
190
-59
262
-5
167
-76
273
-3
156
-134
277
2
165
-245
255
8
195
-336
205
11
188
-331
219
11
146
-249
271
10
114
-160
279
10
135
-139
273
9
189
-177
259
11
242
-254
221
13
283
-316
165
13
287
-326
153
13
254
-299
197
13
202
-224
247
12
158
-165
263
12
182
-146
262
12
232
-187
247
14
270
-240
218
14
304
-307
160
14
307
-356
107
14
286
-355
130
14
284
-296
174
12
331
-221
155
12
388
-152
82
12
413
-89
8
13
413
-36
-65
12
395
-2
-119
12
363
35
-202
10
312
67
-288
10
271
84
-344
10
227
98
-398
10
175
99
-440
10
137
100
-468
10
126
98
-479
10
109
98
-488
10
88
97
-495
10
41
85
-508
9
-14
80
-512
9
-26
87
-510
10
46
90
-508
10
64
81
-505
9
65
72
-507
8
56
72
-508
8
56
72
-508
8
56
72
-508
8
56
72
-508
8
56
72
-508
8
56
72
-508
8
56
72
-508
8
56
72
-508
8
56
72
-508
8
56
72
-508
8
56
72
-508
8
56
72
-508
8
56
72
-508
8
56
72
-508
8
56
72
-508
8
55
-13
-514
-1
55
-13
-514
-1
56
-4
-514
0
55
-13
-514
-1
55
-13
-514
-1
55
-13
-514
-1
55
-13
-514
-1
55
-13
-514
-1
55
-13
-514
-1
55
-13
-514
-1
55
-13
-514
-1
55
-13
-514
-1
55
-13
-514
-1
55
-13
-514
-1
55
-13
-514
-1
55
-13
-514
-1
55
-13
-514
-1
55
-13
-514
-1
55
-13
-514
-1
55
-13
-514
-1
55
-13
-514
-1
55
-13
-514
-1
55
-13
-514
-1
55
-13
-514
-1
55
-13
-514
-1
55
-13
-514
-1
55
-13
-514
-1
55
-13
-514
-1
55
-13
-514
-1
55
-13
-514
-1
55
-13
-514
-1
55
-13
-514
-1
55
-13
-514
-1
56
-4
-514
0
55
-13
-514
-1
55
-13
-514
-1
55
-13
-514
-1
55
-13
-514
-1
55
-13
-514
-1
55
-13
-514
-1
55
-13
-514
-1
55
-13
-514
-1
55
-13
-514
-1
55
-13
-514
-1
55
-13
-514
-1
55
-13
-514
-1
55
-13
-514
-1
55
-13
-514
-1
55
-13
-514
-1
56
-4
-514
0
55
-13
-514
-1
55
-13
-514
-1
55
-13
-514
-1
55
-13
-514
-1
55
-13
-514
-1
55
-13
-514
-1
55
-13
-514
-1
55
-13
-514
-1
55
-13
-514
-1
55
-13
-514
-1
55
-13
-514
-1
55
-13
-514
-1
55
-13
-514
-1
55
-13
-514
-1
55
-13
-514
-1
55
-13
-514
-1
55
-13
-514
-1
55
-13
-514
-1
55
-13
-514
-1
55
-13
-514
-1
55
-13
-514
-1
55
-13
-514
-1
55
-13
-514
-1
55
-13
-514
-1
55
-13
-514
-1
55
-13
-514
-1
55
-13
-514
-1
55
-13
-514
-1
55
-13
-514
-1
55
-13
-514
-1
55
-13
-514
-1
55
-13
-514
-1
55
-13
-514
-1
55
-13
-514
-1
55
-13
-514
-1
55
-13
-514
-1
55
-13
-514
-1
55
-13
-514
-1
55
-13
-514
-1
55
-13
-514
-1
55
-13
-514
-1
55
-13
-514
-1
55
-13
-514
-1
55
-13
-514
-1
70
-15
-512
-1
155
-13
-491
0
281
-24
-422
0
392
-34
-297
0
451
-39
-148
0
463
-40
-27
0
453
-32
68
1
433
-32
142
4
400
10
202
5
346
58
239
5
302
63
248
4
316
115
209
0
346
163
139
-9
348
180
99
-17
307
179
139
-18
281
115
177
-17
261
57
187
-17
257
55
186
-19
297
106
161
-20
355
162
104
-20
378
200
59
-20
353
211
97
-20
311
174
167
-19
283
92
219
-17
267
14
242
-17
278
6
240
-20
313
39
220
-24
360
93
178
-26
385
163
119
-26
382
193
89
-26
399
177
68
-24
436
143
4
-24
467
93
-87
-24
466
58
-180
-24
435
20
-270
-23
380
-9
-346
-20
332
-25
-391
-18
279
-22
-431
-14
223
-30
-462
-12
176
-22
-482
-9
122
-24
-499
-7
112
-28
-502
-7
107
-30
-504
-7
107
-30
-504
-7
107
-30
-504
-7
102
-31
-505
-7
102
-31
-505
-7
102
-31
-505
-7
108
-20
-504
-6
99
-23
-506
-6
99
-23
-506
-6
99
-23
-506
-6
91
-26
-507
-6
88
-18
-508
-5
88
-18
-508
-5
88
-18
-508
-5
88
-18
-508
-5
88
-18
-508
-5
88
-18
-508
-5
88
-18
-508
-5
88
-18
-508
-5
88
-18
-508
-5
88
-18
-508
-5
88
-18
-508
-5
88
-18
-508
-5
88
-18
-508
-5
